118.00000	0.08260
112.10000	0.52864
106.20000	0.94951
94.40000	1.72044
82.60000	2.40169
70.80000	2.99169
59.00000	3.47077
47.20000	3.80511
35.40000	3.93491
29.50000	3.89557
23.60000	3.76184
17.70000	3.50460
11.80000	3.06957
8.85000		2.75333
5.90000		2.33011
2.95000		1.71336
1.47500		1.24136
0.00000		0.00000
1.47500		-1.24136
2.95000		-1.71336
5.90000		-2.33011
8.85000		-2.75333
11.80000	-3.06957
17.70000	-3.50460
23.60000	-3.76184
29.50000	-3.89557
35.40000	-3.93491
47.20000	-3.80511
59.00000	-3.47077
70.80000	-2.99169
82.60000	-2.40169
94.40000	-1.72044
106.20000	-0.94951
112.10000	-0.52864
118.00000	-0.08260
